dt_pred,rf_pred,nb_pred,knn_pred,lr_pred,y_test
0,0,5,0,0,0
0,0,5,0,0,0
0,0,5,0,0,0
0,0,5,0,0,0
0,0,5,0,0,0
0,0,5,0,0,0
0,0,5,0,0,0
0,0,5,0,0,0
0,0,5,0,0,0
0,0,5,0,0,0
0,0,5,0,0,0
0,0,5,0,0,0
0,0,5,0,0,0
0,0,5,0,0,0
0,0,5,0,0,0
0,0,5,0,0,0
0,0,5,0,0,0
0,0,5,0,0,0
0,0,5,0,0,0
0,0,5,0,0,0
0,0,2,0,2,0
0,0,2,1,2,0
0,0,2,1,2,0
0,0,2,0,2,0
0,0,2,1,2,0
0,0,2,0,2,0
0,0,2,1,2,0
0,0,2,0,2,0
0,0,2,1,2,0
0,0,2,0,2,0
0,0,4,0,0,0
0,0,4,0,0,0
0,0,4,0,0,0
0,0,4,0,0,0
0,0,4,0,0,0
0,0,4,0,0,0
0,0,4,0,0,0
0,0,4,0,0,0
0,0,4,0,0,0
0,0,4,0,0,0
0,0,4,0,0,4
0,0,4,0,0,4
0,0,4,0,0,4
0,0,4,0,0,4
0,0,4,0,0,4
0,0,4,0,0,4
0,0,4,0,0,4
0,0,4,0,0,4
0,0,4,0,0,4
0,0,4,0,0,4
1,1,1,1,1,1
1,1,1,1,1,1
1,1,1,1,1,1
1,1,1,1,1,1
1,1,1,1,1,1
1,1,1,1,1,1
1,1,1,1,1,1
1,1,1,1,1,1
1,1,1,1,1,1
1,1,1,1,1,1
2,2,2,2,2,2
2,2,2,2,2,2
2,2,2,2,2,2
2,2,2,2,2,2
2,2,2,2,2,2
2,2,2,2,2,2
2,2,2,2,2,2
2,2,2,2,2,2
2,2,2,2,2,2
2,2,2,2,2,2
5,5,4,0,0,4
5,5,4,5,0,4
0,5,4,0,0,4
0,0,4,0,0,4
0,5,4,0,0,4
0,5,4,0,0,4
0,5,4,0,0,4
5,5,4,0,0,4
0,0,4,0,0,4
0,5,4,5,0,4
1,1,1,1,1,1
1,1,1,1,1,1
1,1,1,1,1,1
1,1,1,1,1,1
1,1,1,1,1,1
1,1,1,1,1,1
1,1,1,1,1,1
1,1,1,1,1,1
1,1,1,1,1,1
1,1,1,1,1,1
0,0,4,0,0,0
0,0,4,0,0,0
0,0,4,0,0,0
0,0,4,4,0,0
0,0,4,0,0,0
0,0,4,0,0,0
0,0,4,0,0,0
0,0,4,0,0,0
0,0,4,0,0,0
0,0,4,0,0,0
0,0,4,0,0,0
0,0,4,0,0,0
0,0,4,4,0,0
0,0,4,0,0,0
0,0,4,0,0,0
0,0,4,0,0,0
0,0,4,0,0,0
0,0,4,4,0,0
0,0,4,4,0,0
0,0,4,0,0,0
0,0,5,0,0,0
0,0,5,0,0,0
0,0,5,0,0,0
0,0,5,0,0,0
0,0,5,0,0,0
0,0,5,0,0,0
0,0,5,0,0,0
0,0,5,0,0,0
0,0,5,0,0,0
0,0,5,0,0,0
0,0,5,0,0,0
0,0,5,0,0,0
0,0,5,0,0,0
0,0,5,0,0,0
0,0,5,0,0,0
0,0,5,0,0,0
0,0,5,0,0,0
0,0,5,0,0,0
0,0,5,0,0,0
0,0,5,0,0,0
1,1,1,1,1,1
1,1,1,1,1,1
1,1,1,1,1,1
1,1,1,1,1,1
1,1,1,1,1,1
1,1,1,1,1,1
1,1,1,1,1,1
1,1,1,1,1,1
1,1,1,1,1,1
1,1,1,1,1,1
0,0,5,0,0,0
0,0,5,0,0,0
0,0,5,0,0,0
0,0,5,0,0,0
0,0,5,0,0,0
0,0,5,0,0,0
0,0,5,0,0,0
0,0,5,4,0,0
4,0,5,0,0,0
0,0,5,0,0,0
1,1,1,1,1,1
1,1,1,1,1,1
1,1,1,1,1,1
1,1,1,1,1,1
1,1,1,1,1,1
1,1,1,1,1,1
1,1,1,1,1,1
1,1,1,1,1,1
1,1,1,1,1,1
1,1,1,1,1,1
2,2,2,2,2,2
2,2,2,2,2,2
2,2,2,2,2,2
2,2,2,2,2,2
2,2,2,2,2,2
2,2,2,2,2,2
2,2,2,2,2,2
2,2,2,2,2,2
2,2,2,2,2,2
2,2,2,2,2,2
0,0,5,0,0,0
0,0,5,0,0,0
0,0,5,0,0,0
0,0,5,0,0,0
0,0,5,4,0,0
0,0,5,0,0,0
0,0,5,4,0,0
0,0,5,0,0,0
0,0,5,0,0,0
0,0,5,0,0,0
0,0,5,0,0,0
0,4,5,0,0,0
0,0,5,0,0,0
4,0,5,0,0,0
0,0,5,4,0,0
0,0,5,0,0,0
0,0,5,0,0,0
0,0,5,0,0,0
0,4,5,0,0,0
0,0,5,0,0,0
0,0,5,0,0,0
0,0,5,0,0,0
0,0,5,0,0,0
0,0,5,0,0,0
0,0,5,0,0,0
0,0,5,0,0,0
0,0,5,0,0,0
0,0,5,4,0,0
0,0,5,0,0,0
0,0,5,0,0,0
1,1,1,1,1,1
1,1,1,1,1,1
1,1,1,1,1,1
1,1,1,1,1,1
1,1,1,1,1,1
1,1,1,1,1,1
1,1,1,1,1,1
1,1,1,1,1,1
1,1,1,1,1,1
1,1,1,1,1,1
0,0,4,0,0,0
0,0,4,0,0,0
0,0,4,0,0,0
0,0,4,0,0,0
0,0,4,0,0,0
0,0,4,0,0,0
0,0,4,0,0,0
0,0,4,0,0,0
0,0,4,0,0,0
0,0,4,0,0,0
0,0,4,0,0,0
0,0,4,0,0,0
0,0,4,0,0,0
0,0,4,0,0,0
0,0,4,0,0,0
0,0,4,0,0,0
0,0,4,0,0,0
0,0,4,0,0,0
0,0,4,0,0,0
0,0,4,0,0,0
2,2,2,2,2,2
2,2,2,2,2,2
2,2,2,2,2,2
2,2,2,2,2,2
2,2,2,2,2,2
2,2,2,2,2,2
2,2,2,2,2,2
2,2,2,2,2,2
2,2,2,2,2,2
2,2,2,1,2,2
2,2,2,2,2,2
2,2,2,2,2,2
2,2,2,2,2,2
2,2,2,2,2,2
2,2,2,2,2,2
2,2,2,2,2,2
2,2,2,1,2,2
2,2,2,2,2,2
2,2,2,2,2,2
2,2,2,2,2,2
0,0,5,0,0,0
4,0,5,0,0,0
0,0,5,0,0,0
0,0,5,0,0,0
0,0,5,0,0,0
0,0,5,0,0,0
0,0,5,0,0,0
0,0,5,0,0,0
0,0,5,0,0,0
0,0,5,0,0,0
0,0,5,0,0,0
0,0,5,0,0,0
3,0,5,0,0,0
5,0,5,0,0,0
0,0,5,0,0,0
0,0,5,0,0,0
0,0,5,0,0,0
0,0,5,0,0,0
0,0,5,0,0,0
0,0,5,0,0,0
0,0,5,0,0,0
3,0,5,0,0,0
0,0,5,0,0,0
0,0,5,0,0,0
0,0,5,0,0,0
0,0,5,0,0,0
0,0,5,0,0,0
0,0,5,0,0,0
0,0,5,0,0,0
0,0,5,0,0,0
0,0,5,0,0,0
0,0,5,0,0,0
0,0,5,0,0,0
0,0,5,0,0,0
0,0,5,0,0,0
0,0,5,0,0,0
0,0,5,0,0,0
0,0,5,0,0,0
0,0,5,0,0,0
0,0,5,0,0,0
0,0,4,0,0,0
0,0,4,0,0,0
0,0,4,0,0,0
0,0,4,0,0,0
0,0,4,0,0,0
0,0,4,0,0,0
0,0,4,0,0,0
0,0,4,0,0,0
0,0,4,0,0,0
0,0,4,0,0,0
0,0,4,0,0,0
0,0,4,0,0,0
0,0,4,0,0,0
0,0,4,0,0,0
0,0,4,0,0,0
0,0,4,0,0,0
0,0,4,0,0,0
0,0,4,0,0,0
0,0,4,0,0,0
0,0,4,0,0,0
2,2,2,2,2,2
2,2,2,2,2,2
2,2,2,2,2,2
2,2,2,2,2,2
2,2,2,2,2,2
2,2,2,2,2,2
2,2,2,2,2,2
2,2,2,2,2,2
2,2,2,2,2,2
2,2,2,2,2,2
0,0,5,0,0,0
0,0,5,0,0,0
0,0,5,0,0,0
0,0,5,0,0,0
0,0,5,0,0,0
0,0,5,0,0,0
0,0,5,0,0,0
0,0,5,0,0,0
0,0,5,0,0,0
0,0,5,0,0,0
0,0,5,0,0,0
0,0,5,0,0,0
0,0,5,0,0,0
0,0,5,0,0,0
0,0,5,0,0,0
0,0,5,0,0,0
0,0,5,0,0,0
0,0,5,0,0,0
0,0,5,0,0,0
0,0,5,0,0,0
0,0,5,0,0,0
0,0,5,0,0,0
0,0,5,0,0,0
0,0,5,0,0,0
0,0,5,0,0,0
0,0,5,0,0,0
0,0,5,0,0,0
0,0,5,0,0,0
0,0,5,0,0,0
0,0,5,0,0,0
2,2,2,2,2,2
2,2,2,2,2,2
2,2,2,2,2,2
2,2,2,2,2,2
2,2,2,2,2,2
2,2,2,2,2,2
2,2,2,2,2,2
2,2,2,2,2,2
2,2,2,2,2,2
2,2,2,2,2,2
3,3,0,3,3,3
3,3,0,0,4,3
3,3,0,0,4,3
3,3,0,0,4,3
3,3,0,4,4,3
3,3,0,0,4,3
3,3,0,0,4,3
3,3,0,0,4,3
3,3,0,4,4,3
3,3,0,0,4,3
0,0,0,0,4,0
0,0,0,3,4,0
0,0,0,0,4,0
0,0,0,0,4,0
0,0,0,0,4,0
0,0,0,0,4,0
0,0,0,0,4,0
0,0,0,0,4,0
0,0,0,4,4,0
0,0,0,0,4,0
0,0,5,0,0,0
0,0,5,0,0,0
0,0,5,0,0,0
0,0,5,0,0,0
0,0,5,0,0,0
0,0,5,0,0,0
0,0,5,0,0,0
0,0,5,0,0,0
0,0,5,0,0,0
0,0,5,0,0,0
0,0,2,0,2,2
0,0,2,0,0,2
0,0,2,0,2,2
0,0,2,0,2,2
0,0,2,0,0,2
0,0,2,0,2,2
0,0,2,0,2,2
0,0,2,0,2,2
0,0,2,0,2,2
0,0,2,0,0,2
0,0,2,0,2,0
0,0,2,0,0,0
0,0,2,0,0,0
0,0,2,0,0,0
0,0,2,0,2,0
0,0,2,0,2,0
0,0,2,0,0,0
0,0,2,0,0,0
0,0,2,0,0,0
0,0,2,0,2,0
3,3,0,3,0,0
3,3,0,0,0,0
3,3,0,0,0,0
3,3,0,0,0,0
3,3,0,0,0,0
3,3,0,0,0,0
3,3,0,0,0,0
3,3,0,0,0,0
3,3,0,0,0,0
3,3,0,3,0,0
0,0,0,0,0,0
0,0,0,0,0,0
0,0,0,0,0,0
0,0,0,0,0,0
0,0,0,0,0,0
0,0,0,0,0,0
0,0,0,0,0,0
0,0,0,0,0,0
0,0,0,0,0,0
0,0,0,0,0,0
2,2,2,2,1,2
2,2,2,2,1,2
2,2,2,2,1,2
2,2,2,2,1,2
2,2,2,2,1,2
2,2,2,2,1,2
1,2,2,2,1,2
2,2,2,2,1,2
2,2,2,2,1,2
2,2,2,2,1,2
2,2,2,2,1,2
2,2,2,2,1,2
2,2,2,2,1,2
2,2,2,2,1,2
2,2,2,2,1,2
2,2,2,2,1,2
2,2,2,2,1,2
2,2,2,2,1,2
2,2,2,2,1,2
2,2,2,2,1,2
5,0,5,0,0,0
0,0,5,0,0,0
0,0,5,0,0,0
5,0,5,0,0,0
0,0,5,0,0,0
0,0,5,0,0,0
0,0,5,0,0,0
0,0,5,0,0,0
0,0,5,0,0,0
5,0,5,0,0,0
2,2,2,2,2,2
2,2,2,2,2,2
2,2,2,2,2,2
2,2,2,2,2,2
2,2,2,2,2,2
2,2,2,2,2,2
2,2,2,2,2,2
2,2,2,2,2,2
2,2,2,2,2,2
2,2,2,2,2,2
4,0,4,0,0,0
4,0,4,0,0,0
4,0,4,0,0,0
4,0,4,0,0,0
4,0,4,0,0,0
4,0,4,0,0,0
4,0,4,0,0,0
4,0,4,0,0,0
4,0,4,0,0,0
4,0,4,0,0,0
1,1,1,1,1,1
1,1,1,1,1,1
1,1,1,1,1,1
1,1,1,1,1,1
1,1,1,1,1,1
1,1,1,1,1,1
1,1,1,1,1,1
1,1,1,1,1,1
1,1,1,1,1,1
1,1,1,1,1,1
1,1,1,1,1,1
1,1,1,1,1,1
1,1,1,1,1,1
1,1,1,1,1,1
1,1,1,1,1,1
1,1,1,1,1,1
1,1,1,1,1,1
1,1,1,1,1,1
1,1,1,1,1,1
1,1,1,1,1,1
2,2,2,2,2,2
2,2,2,2,2,2
2,2,2,2,2,2
2,2,2,2,2,2
2,2,2,2,2,2
2,2,2,2,2,2
2,2,2,2,2,2
2,2,2,2,2,2
2,2,2,2,2,2
2,2,2,2,2,2
1,1,2,1,1,1
1,1,2,1,1,1
1,1,2,1,1,1
1,1,2,1,1,1
1,1,2,1,1,1
1,1,2,1,1,1
1,1,2,1,1,1
1,1,2,1,1,1
1,1,2,1,1,1
1,1,2,1,1,1
1,1,2,1,1,1
1,1,2,1,1,1
1,1,2,1,1,1
1,1,2,1,1,1
1,1,2,1,1,1
1,1,2,1,1,1
1,1,2,1,1,1
1,1,2,1,1,1
2,1,2,1,1,1
1,1,2,1,1,1
4,4,5,4,0,4
4,4,5,3,0,4
5,4,5,4,0,4
4,4,5,4,0,4
5,4,5,3,0,4
4,4,5,5,0,4
4,4,5,4,0,4
4,4,5,5,0,4
4,4,5,4,0,4
4,5,5,5,0,4
2,2,2,2,2,2
2,2,2,2,2,2
2,2,2,2,2,2
2,2,2,2,2,2
2,2,2,2,2,2
2,2,1,2,2,2
2,2,1,2,2,2
2,2,2,2,2,2
2,2,2,2,2,2
2,2,2,2,2,2
0,0,4,0,0,0
0,0,4,0,0,0
0,0,4,0,0,0
0,0,4,0,0,0
0,0,4,0,0,0
0,0,4,0,0,0
0,0,4,0,0,0
0,0,4,0,0,0
0,0,0,0,0,0
0,0,4,0,0,0
0,0,0,0,0,0
0,0,4,0,0,0
0,0,4,0,0,0
0,0,4,0,0,0
0,0,4,0,0,0
0,0,4,0,0,0
0,0,4,0,0,0
0,0,4,0,0,0
0,0,4,0,0,0
0,0,0,0,0,0
0,0,4,0,0,0
0,0,4,0,0,0
0,0,4,0,0,0
0,0,4,0,0,0
0,0,4,0,0,0
0,0,4,0,0,0
0,0,4,0,0,0
0,0,4,0,0,0
0,0,4,0,0,0
0,0,4,0,0,0
1,1,1,1,1,1
1,1,1,1,1,1
1,1,1,1,1,1
1,1,1,1,1,1
1,1,1,1,1,1
1,1,1,1,1,1
1,1,1,1,1,1
1,1,1,1,1,1
1,1,1,1,1,1
1,1,1,1,1,1
1,1,1,1,1,1
1,1,2,1,1,1
1,1,2,1,1,1
1,1,2,1,1,1
1,1,2,1,1,1
1,1,2,1,1,1
1,1,2,1,1,1
1,1,2,1,1,1
1,1,1,1,1,1
1,1,2,1,1,1
2,2,2,2,2,2
2,2,2,2,2,2
2,2,2,2,2,2
2,2,2,2,2,2
2,2,2,2,2,2
2,2,2,2,2,2
2,2,2,2,2,2
2,2,2,2,2,2
2,2,2,2,2,2
2,2,2,2,2,2
0,0,5,0,0,0
0,0,0,0,0,0
0,0,1,0,0,0
0,0,5,0,0,0
0,0,0,0,0,0
0,0,5,0,0,0
0,0,5,0,0,0
0,0,5,0,0,0
0,0,5,0,0,0
0,0,5,0,0,0
2,2,2,2,1,2
2,2,2,2,1,2
2,2,2,2,1,2
2,2,2,2,1,2
2,2,2,2,1,2
2,2,2,2,1,2
2,2,2,2,1,2
2,2,2,2,1,2
2,2,2,2,1,2
2,2,2,2,1,2
2,2,2,2,1,2
2,2,2,2,1,2
2,1,2,2,1,2
2,2,2,2,1,2
2,2,2,2,1,2
2,2,2,2,1,2
2,2,2,2,1,2
2,2,2,1,1,2
2,2,2,2,1,2
2,2,2,2,1,2
0,0,5,0,0,0
0,0,5,0,0,0
0,0,5,0,0,0
0,0,5,0,0,0
0,0,5,0,0,0
0,0,5,0,0,0
0,0,5,0,0,0
0,0,5,0,0,0
0,0,5,0,0,0
0,0,5,0,0,0
0,0,5,0,0,0
0,0,5,0,0,0
0,0,5,0,0,0
0,0,5,0,0,0
0,0,5,0,0,0
0,0,5,0,0,0
0,0,5,0,0,0
0,0,5,0,0,0
0,0,5,0,0,0
0,0,5,0,0,0
5,0,4,0,0,0
0,0,3,0,0,0
0,0,4,4,0,0
0,0,3,0,0,0
5,0,3,0,0,0
5,0,4,0,0,0
5,0,3,0,0,0
0,0,3,0,0,0
0,0,4,0,0,0
5,3,3,4,0,0
0,5,3,4,0,0
3,0,4,0,0,0
0,0,3,0,0,0
4,0,4,0,0,0
0,0,4,0,0,0
0,0,3,0,0,0
5,0,4,0,0,0
3,0,4,0,0,0
5,0,4,0,0,0
5,0,4,0,0,0
0,0,5,0,0,0
0,0,5,0,0,0
0,0,5,0,0,0
0,0,5,0,0,0
0,0,5,0,0,0
0,0,5,0,0,0
0,0,5,0,0,0
0,0,5,0,0,0
0,0,5,0,0,0
0,0,5,0,0,0
2,2,2,2,2,2
2,2,2,2,2,2
2,2,2,2,2,2
2,2,2,2,2,2
2,2,2,2,2,2
2,2,2,2,2,2
2,2,2,2,2,2
2,2,2,2,2,2
2,2,2,2,2,2
2,2,2,2,2,2
2,2,2,2,2,2
2,2,2,2,2,2
2,2,2,2,2,2
2,2,2,2,2,2
2,2,2,2,2,2
2,2,2,2,2,2
2,2,2,2,2,2
2,2,2,2,2,2
2,2,2,2,2,2
2,2,2,2,2,2
0,0,4,4,0,0
0,0,4,0,0,0
0,4,4,4,0,0
0,4,4,0,0,0
0,0,4,0,0,0
0,0,4,0,0,0
0,0,4,0,0,0
0,0,4,0,0,0
0,0,4,0,0,0
0,0,4,4,0,0
4,0,4,0,0,0
0,0,4,4,0,0
0,0,4,0,0,0
0,4,4,0,0,0
0,0,4,0,0,0
4,4,4,0,0,0
4,0,4,0,0,0
0,0,4,0,0,0
0,0,4,0,0,0
0,0,4,0,0,0
1,1,1,1,1,1
1,1,1,1,1,1
1,1,1,1,1,1
1,1,1,1,1,1
1,1,1,1,1,1
1,1,1,1,1,1
1,1,1,1,1,1
1,1,1,1,1,1
1,1,1,1,1,1
1,1,1,1,1,1
0,0,0,0,0,0
0,0,0,0,0,0
0,0,0,0,0,0
0,0,0,0,0,0
0,0,0,0,0,0
0,0,0,0,0,0
0,0,0,0,0,0
0,0,0,0,0,0
0,0,0,0,0,0
0,0,0,0,0,0
1,1,1,1,1,1
1,1,1,1,1,1
1,1,1,1,1,1
1,1,1,1,1,1
1,1,1,1,1,1
1,1,1,1,1,1
1,1,1,1,1,1
1,1,1,1,1,1
1,1,1,1,1,1
1,1,1,1,1,1
0,0,0,0,0,0
0,0,0,0,0,0
0,0,0,0,0,0
0,0,0,0,0,0
0,0,0,0,0,0
0,0,5,0,0,0
0,0,0,0,0,0
0,0,0,0,0,0
0,0,5,0,0,0
0,0,5,0,0,0
0,0,0,0,0,0
0,0,0,0,0,0
0,0,0,0,0,0
0,0,5,0,0,0
0,0,0,0,0,0
0,0,0,0,0,0
0,0,0,0,0,0
0,0,0,0,0,0
0,0,0,0,0,0
0,0,0,0,0,0
0,0,0,0,0,0
0,0,0,0,0,0
0,0,0,0,0,0
0,0,0,0,0,0
0,0,5,0,0,0
0,0,5,0,0,0
0,0,5,0,0,0
0,0,0,0,0,0
0,0,0,0,0,0
0,0,0,0,0,0
0,0,0,0,0,0
0,0,0,0,0,0
0,0,4,0,0,0
0,0,4,0,0,0
0,0,4,0,0,0
0,0,4,0,0,0
0,0,0,0,0,0
0,0,4,0,0,0
0,0,0,0,0,0
0,0,0,0,0,0
0,0,0,0,0,4
0,0,0,0,0,4
0,0,4,0,0,4
0,0,4,0,0,4
0,0,4,0,0,4
0,0,4,0,0,4
0,0,4,0,0,4
0,0,4,0,0,4
0,0,4,0,0,4
0,0,4,0,0,4
0,0,4,0,0,0
0,0,4,0,0,0
0,0,4,0,0,0
0,0,0,0,0,0
0,0,4,0,0,0
0,0,0,0,0,0
0,0,4,0,0,0
0,0,4,0,0,0
0,0,0,0,0,0
0,0,4,0,0,0
2,2,2,2,2,2
2,2,2,2,2,2
1,2,2,2,2,2
2,2,2,2,2,2
2,2,2,2,2,2
2,2,2,2,2,2
2,2,2,2,2,2
2,2,2,2,2,2
2,2,2,2,2,2
2,2,2,2,2,2
1,1,1,1,1,1
1,1,1,1,1,1
1,1,1,1,1,1
1,1,1,1,1,1
1,1,1,1,1,1
1,1,1,1,1,1
1,1,1,1,1,1
1,1,1,1,1,1
1,1,1,1,1,1
1,1,1,1,1,1
1,1,1,1,1,1
1,1,1,1,1,1
1,1,1,1,1,1
1,1,1,1,1,1
1,1,1,1,1,1
1,1,1,1,1,1
1,1,1,1,1,1
1,1,1,1,1,1
1,1,1,1,1,1
1,1,1,1,1,1
0,0,4,3,4,0
5,0,4,0,4,0
0,0,4,0,4,0
4,0,4,3,4,0
0,0,4,0,4,0
0,0,4,0,4,0
0,0,4,0,4,0
4,0,4,0,4,0
5,0,4,0,4,0
0,0,4,3,4,0
2,2,2,2,2,2
2,2,2,2,2,2
2,2,2,2,2,2
2,2,2,2,2,2
2,2,1,2,2,2
2,2,2,2,2,2
2,2,2,2,2,2
2,2,2,2,2,2
2,2,2,2,2,2
2,2,2,2,2,2
4,4,4,0,0,0
4,0,4,0,0,0
4,0,4,4,0,0
0,0,4,0,0,0
4,0,4,0,0,0
0,0,4,0,0,0
0,0,4,0,0,0
0,0,4,4,0,0
0,0,4,4,0,0
4,0,4,4,0,0
2,2,2,2,2,2
2,2,2,2,2,2
2,2,2,2,2,2
2,2,2,2,2,2
2,2,2,2,2,2
2,2,2,2,2,2
2,2,2,2,2,2
2,2,2,2,2,2
2,2,2,2,2,2
2,2,2,2,2,2
0,0,5,0,3,0
0,0,5,0,0,0
0,0,5,0,0,0
0,0,5,0,0,0
0,0,5,0,3,0
0,0,5,0,0,0
0,0,5,0,0,0
0,0,5,0,3,0
0,0,5,0,0,0
0,0,5,0,0,0
0,0,5,0,0,0
0,0,5,0,0,0
0,0,4,0,0,0
0,0,5,0,0,0
0,0,5,0,0,0
0,0,5,0,0,0
0,0,5,0,0,0
0,0,5,0,0,0
0,0,5,0,0,0
0,0,5,0,0,0
0,0,5,0,0,0
0,0,5,0,0,0
0,0,5,0,0,0
0,0,4,0,0,0
0,0,5,0,0,0
0,0,5,0,0,0
0,0,4,0,0,0
0,0,5,0,0,0
0,0,5,0,0,0
0,0,4,0,0,0
2,2,2,2,2,2
2,2,2,2,2,2
2,2,2,2,2,2
2,2,2,2,2,2
2,2,2,2,2,2
2,2,2,2,2,2
2,2,2,2,2,2
2,2,2,2,2,2
2,2,2,2,2,2
2,2,2,2,2,2
0,0,3,0,0,0
0,0,3,0,0,0
0,0,3,0,0,0
0,0,3,0,0,0
0,0,3,0,0,0
0,0,3,0,0,0
0,0,3,0,0,0
0,0,3,0,0,0
0,0,3,0,0,0
0,0,3,0,0,0
1,1,2,1,1,1
1,1,2,1,1,1
1,1,2,1,1,1
1,1,2,1,1,1
1,1,2,1,1,1
1,1,2,1,1,1
1,1,2,1,1,1
1,1,2,1,1,1
1,1,2,1,1,1
1,1,2,1,1,1
1,1,1,1,1,1
1,1,1,1,1,1
1,1,1,1,1,1
1,1,1,1,1,1
1,1,1,1,1,1
1,1,1,1,1,1
1,1,1,1,1,1
1,1,1,1,1,1
1,1,1,1,1,1
1,1,1,1,1,1
3,3,0,3,3,3
3,5,5,3,5,3
5,5,5,5,5,3
3,3,5,4,5,3
3,3,5,3,3,3
5,5,5,3,3,3
3,3,5,4,3,3
3,5,5,3,5,3
5,3,5,3,3,3
3,3,5,3,3,3
4,4,5,4,3,4
4,4,0,3,4,4
5,4,5,5,5,4
4,4,0,5,5,4
4,4,5,5,4,4
4,4,5,5,3,4
4,4,5,4,3,4
4,4,5,4,5,4
4,4,5,3,5,4
4,4,5,3,3,4
0,0,5,0,0,0
0,0,5,0,0,0
0,0,5,0,0,0
0,0,5,0,0,0
0,0,5,0,0,0
0,0,5,0,0,0
0,0,5,0,0,0
0,0,5,0,0,0
0,0,5,0,0,0
0,0,5,0,0,0
0,0,5,0,0,0
0,0,5,0,0,0
0,0,5,0,0,0
0,0,5,0,0,0
0,0,5,0,0,0
5,0,5,0,0,0
0,0,5,0,0,0
0,0,5,0,0,0
0,0,5,0,0,0
0,0,5,0,0,0
0,0,5,0,0,0
5,0,5,0,0,0
0,0,5,0,0,0
0,0,5,0,0,0
0,0,5,0,0,0
0,0,5,0,0,0
0,0,5,0,0,0
0,0,5,0,0,0
0,0,5,0,0,0
0,0,5,0,0,0
0,0,0,0,0,0
0,0,4,0,0,0
0,0,0,0,0,0
0,0,5,0,0,0
0,0,5,0,4,0
0,0,5,0,4,0
0,0,5,0,0,0
0,3,5,0,4,0
0,0,0,0,0,0
0,0,4,0,0,0
0,0,5,0,4,0
0,0,0,0,0,0
0,0,0,0,0,0
0,0,0,0,0,0
0,0,0,0,0,0
0,0,0,0,0,0
0,0,5,0,4,0
3,0,0,0,4,0
0,0,0,0,0,0
0,0,0,0,0,0
1,1,1,1,1,1
1,1,1,1,1,1
1,1,1,1,1,1
1,1,1,1,1,1
1,1,1,1,1,1
1,1,1,1,1,1
1,1,1,1,1,1
1,1,1,1,1,1
1,1,1,1,1,1
1,1,1,1,1,1
3,0,0,0,0,0
3,0,0,0,0,0
3,0,0,0,0,0
0,0,0,0,0,0
3,0,0,0,0,0
3,0,0,0,0,0
0,0,0,0,0,0
3,0,0,0,0,0
3,0,0,0,0,0
3,0,0,0,0,0
0,0,0,0,0,0
0,0,0,0,0,0
4,4,0,0,0,0
4,0,0,0,0,0
4,0,0,0,0,0
4,4,0,0,0,0
4,0,0,0,0,0
0,0,0,0,0,0
4,4,0,0,0,0
4,4,0,0,0,0
1,1,1,1,1,1
1,1,1,1,1,1
1,1,1,1,1,1
1,1,1,1,1,1
1,1,1,1,1,1
1,1,1,1,1,1
1,1,1,1,1,1
1,1,1,1,1,1
1,1,1,1,1,1
1,1,1,1,1,1
2,2,2,2,2,2
2,2,2,2,2,2
2,2,2,2,2,2
2,2,2,2,2,2
2,2,2,2,2,2
2,2,2,2,2,2
2,2,2,2,2,2
2,2,2,2,2,2
2,2,2,2,2,2
2,2,2,2,2,2
4,4,4,0,0,4
4,4,4,0,0,4
4,4,4,0,0,4
4,4,4,0,0,4
4,4,4,0,0,4
4,4,4,0,0,4
4,4,4,0,0,4
4,4,4,0,0,4
4,4,4,0,0,4
4,4,4,0,0,4
2,2,2,2,2,2
2,2,2,2,2,2
2,2,2,2,2,2
2,2,2,2,2,2
2,2,2,2,2,2
2,2,2,2,2,2
2,2,2,2,2,2
2,2,2,2,2,2
2,2,2,2,2,2
2,2,2,2,2,2
0,0,5,0,0,0
0,0,0,0,0,0
0,0,5,0,0,0
0,0,0,0,0,0
0,0,5,0,0,0
0,0,4,0,0,0
0,0,0,0,0,0
0,0,5,0,0,0
0,0,0,0,0,0
0,0,5,0,0,0
0,0,5,0,0,0
0,0,5,0,0,0
0,0,0,0,0,0
0,0,0,0,0,0
0,0,5,0,0,0
0,0,5,0,0,0
0,0,5,0,0,0
0,0,5,0,0,0
0,0,0,0,0,0
0,0,0,0,0,0
0,0,0,0,0,0
0,0,5,0,0,0
0,0,5,0,0,0
0,0,5,0,0,0
0,0,4,0,0,0
0,0,4,0,0,0
0,0,4,0,0,0
0,0,0,0,0,0
0,0,5,0,0,0
0,0,0,0,0,0
2,2,2,2,2,2
2,2,2,2,2,2
2,2,2,2,2,2
2,2,2,2,2,2
2,2,2,2,2,2
2,2,2,2,2,2
2,2,2,2,2,2
2,2,2,2,2,2
2,2,2,2,2,2
2,2,2,2,2,2
1,1,1,1,1,1
1,1,1,1,1,1
1,1,1,1,1,1
1,1,1,1,1,1
1,1,1,1,1,1
1,1,1,1,1,1
1,1,1,1,1,1
1,1,1,1,1,1
1,1,1,1,1,1
1,1,1,1,1,1
2,2,2,2,2,2
2,2,2,2,2,2
2,2,2,2,2,2
2,2,2,2,2,2
2,2,2,2,2,2
2,2,2,2,2,2
2,2,2,2,2,2
2,2,2,2,2,2
2,2,2,2,2,2
2,2,2,2,2,2
4,4,0,0,0,4
4,4,0,0,0,4
4,4,0,3,0,4
4,4,0,0,0,4
4,4,0,0,0,4
4,4,0,0,0,4
4,4,0,0,0,4
4,4,0,0,0,4
4,4,0,0,0,4
4,4,0,0,0,4
4,4,0,0,0,4
4,4,0,0,0,4
4,4,0,0,0,4
4,4,0,0,0,4
4,4,0,0,0,4
4,4,0,0,0,4
4,4,0,0,0,4
4,4,0,0,0,4
4,4,0,3,0,4
4,4,0,0,0,4
1,1,1,1,1,1
1,1,1,1,1,1
1,1,1,1,1,1
1,1,1,1,1,1
1,1,1,1,1,1
1,1,1,1,1,1
1,1,1,1,1,1
1,1,1,1,1,1
1,1,1,1,1,1
1,1,1,1,1,1
1,1,1,1,1,1
1,1,1,1,1,1
1,1,1,1,1,1
1,1,1,1,1,1
1,1,1,1,1,1
1,1,1,1,1,1
1,1,1,1,1,1
1,1,1,1,1,1
1,1,1,1,1,1
1,1,1,1,1,1
0,0,0,0,0,0
0,0,0,0,0,0
0,0,0,0,0,0
0,0,0,0,0,0
0,0,0,0,0,0
0,0,0,0,0,0
0,0,0,0,0,0
0,0,0,0,0,0
0,0,0,0,0,0
0,0,0,0,0,0
0,0,0,0,0,0
0,0,0,0,0,0
0,0,0,0,0,0
0,0,0,0,0,0
0,0,0,0,0,0
0,0,0,0,0,0
0,0,0,0,0,0
0,0,0,0,0,0
0,0,0,0,0,0
0,0,0,0,0,0
0,0,3,0,0,4
0,0,4,0,0,4
3,0,3,0,0,4
0,0,3,0,0,4
0,0,3,0,0,4
0,0,3,0,0,4
0,0,3,0,0,4
0,0,3,0,0,4
0,0,3,0,0,4
0,0,3,0,0,4
0,0,5,0,0,0
0,0,5,0,0,0
0,0,5,0,0,0
0,0,5,0,0,0
0,0,5,0,0,0
0,0,5,0,0,0
0,0,5,0,0,0
0,0,5,0,0,0
0,0,5,0,0,0
0,0,5,0,0,0
0,0,5,0,0,0
0,0,5,0,0,0
0,0,5,0,0,0
0,0,5,0,0,0
0,0,5,0,0,0
0,0,5,0,0,0
0,0,5,0,0,0
0,0,5,0,0,0
0,0,5,0,0,0
0,0,5,0,0,0
0,0,5,0,0,0
0,0,5,4,0,0
0,0,5,0,0,0
0,0,5,0,0,0
0,0,5,0,0,0
0,0,5,0,0,0
0,0,5,0,0,0
0,0,5,0,0,0
0,0,5,0,0,0
0,0,5,0,0,0
0,0,5,0,0,0
0,0,5,0,0,0
0,0,5,0,0,0
0,0,5,0,0,0
0,0,5,0,0,0
0,0,5,4,0,0
4,0,5,0,0,0
0,0,5,0,0,0
0,0,5,0,0,0
4,0,5,0,0,0
0,0,5,0,0,0
0,0,5,0,0,0
0,0,3,0,0,0
0,0,5,0,0,0
0,0,5,0,0,0
0,0,5,0,0,0
0,0,5,0,0,0
0,0,5,0,0,0
0,0,5,0,0,0
0,0,3,0,0,0
0,0,3,0,0,0
0,0,3,0,0,0
0,0,3,0,0,0
0,0,3,0,0,0
0,0,4,0,0,0
0,0,3,0,0,0
0,0,4,0,0,0
0,0,3,0,0,0
0,0,3,0,0,0
0,0,3,0,0,0
0,0,3,0,0,0
0,0,3,0,0,0
0,0,0,0,0,0
0,0,3,0,0,0
0,0,3,0,0,0
0,0,3,0,0,0
0,0,4,0,0,0
0,0,3,0,0,0
0,0,3,0,0,0
0,0,3,0,0,0
4,4,4,0,0,3
3,0,0,0,0,3
4,4,0,4,0,3
3,0,0,0,0,3
0,3,0,0,0,3
0,0,0,0,0,3
0,4,0,0,0,3
0,0,0,0,0,3
4,4,0,4,0,3
3,3,0,0,0,3
0,0,0,0,0,3
3,3,0,0,0,3
3,3,0,4,0,3
0,3,0,3,0,3
5,4,0,0,0,3
4,0,0,0,0,3
3,0,0,0,0,3
5,5,0,5,0,3
0,0,0,0,0,3
0,0,0,0,0,3
5,4,0,4,4,4
5,4,0,4,0,4
4,4,4,0,0,4
5,4,0,4,4,4
4,4,0,4,0,4
0,4,0,4,0,4
4,4,0,4,4,4
5,4,0,0,0,4
4,4,0,3,0,4
4,4,0,5,4,4
4,4,0,4,0,5
4,0,0,0,0,5
5,4,0,3,0,5
0,0,0,0,0,5
4,5,0,0,4,5
0,5,0,0,0,5
4,4,0,0,0,5
4,4,0,3,4,5
4,5,0,0,0,5
4,4,0,0,0,5
0,0,5,0,0,0
0,0,5,0,0,0
0,0,5,0,0,0
0,0,5,0,0,0
0,0,5,0,0,0
0,0,5,0,0,0
0,0,5,0,0,0
0,0,5,0,0,0
0,0,5,0,0,0
0,0,5,0,0,0
1,1,1,1,1,1
1,1,1,1,1,1
1,1,1,1,1,1
1,1,1,1,1,1
1,1,1,1,1,1
1,1,1,1,1,1
1,1,1,1,1,1
1,1,1,1,1,1
1,1,1,1,1,1
1,1,1,1,1,1
2,2,2,2,2,2
2,2,2,2,2,2
2,2,2,2,2,2
2,2,2,2,2,2
2,2,2,2,2,2
2,2,2,2,2,2
2,2,2,2,2,2
2,2,2,2,2,2
2,2,2,2,2,2
2,2,2,2,2,2
5,0,4,0,0,5
5,5,4,0,0,5
5,5,4,0,0,5
5,5,4,0,0,5
5,5,4,0,0,5
4,4,4,0,0,5
5,5,4,5,0,5
5,5,4,0,0,5
5,5,4,0,0,5
0,5,4,0,0,5
1,1,1,1,1,1
1,1,1,1,1,1
1,1,1,1,1,1
1,1,1,1,1,1
1,1,1,1,1,1
1,1,1,1,1,1
1,1,1,1,1,1
1,1,1,1,1,1
1,1,1,1,1,1
1,1,1,1,1,1
1,1,1,1,1,1
1,1,1,1,1,1
1,1,1,1,1,1
1,1,1,1,1,1
1,1,1,1,1,1
1,1,1,1,1,1
1,1,1,1,1,1
1,1,1,1,1,1
1,1,1,1,1,1
1,1,1,1,1,1
1,1,2,1,1,1
1,1,2,1,1,1
1,1,2,1,1,1
1,1,2,1,1,1
1,1,2,1,1,1
1,1,2,1,1,1
1,1,2,1,1,1
1,1,2,1,1,1
1,1,2,1,1,1
1,1,2,1,1,1
1,1,2,1,1,1
1,1,2,1,1,1
1,1,2,1,1,1
1,1,2,1,1,1
1,1,2,1,1,1
1,1,2,1,1,1
1,1,2,1,1,1
1,1,2,1,1,1
1,1,2,1,1,1
1,1,2,1,1,1
2,2,2,2,2,2
2,2,2,2,2,2
2,2,2,2,2,2
2,2,2,2,2,2
2,2,2,2,2,2
2,2,2,2,2,2
2,2,2,2,2,2
2,2,2,2,2,2
2,2,2,2,2,2
2,2,2,2,2,2
2,2,2,2,2,2
2,2,2,2,2,2
2,2,2,2,2,2
2,2,2,2,2,2
2,2,2,2,2,2
2,2,2,2,2,2
2,2,2,2,2,2
2,2,2,2,2,2
2,2,2,2,2,2
2,2,2,2,2,2
4,5,5,4,4,4
4,4,5,3,0,4
5,5,5,5,4,4
3,4,5,4,4,4
4,4,5,5,4,4
4,4,5,3,0,4
5,5,5,4,4,4
4,5,5,4,0,4
5,5,5,5,5,4
4,4,5,4,4,4
1,1,1,1,1,1
1,1,1,1,1,1
1,1,1,1,1,1
1,1,1,1,1,1
1,1,1,1,1,1
1,1,1,1,1,1
1,1,1,1,1,1
1,1,1,1,1,1
1,1,1,1,1,1
1,1,1,1,1,1
3,3,5,4,0,3
4,3,5,5,5,3
5,5,5,4,5,3
3,3,5,4,4,3
3,3,5,5,5,3
3,5,5,3,5,3
3,3,5,4,0,3
3,3,5,4,0,3
5,3,5,5,5,3
3,3,5,3,0,3
3,3,5,5,3,3
3,3,5,5,5,3
3,5,5,4,5,3
3,3,5,3,5,3
4,3,5,3,5,3
3,3,5,3,5,3
5,5,5,4,5,3
3,3,5,4,5,3
5,3,5,4,5,3
3,5,5,5,5,3
3,3,5,0,4,3
5,3,5,4,3,3
5,3,5,4,3,3
5,3,5,3,3,3
5,5,5,4,3,3
3,3,5,3,3,3
5,5,5,5,4,3
4,3,5,4,3,3
3,3,5,4,3,3
3,3,5,3,3,3
2,2,2,2,2,2
2,2,2,2,2,2
2,2,2,2,2,2
2,2,2,2,2,2
2,2,2,2,2,2
2,2,2,2,2,2
2,2,2,2,2,2
2,2,2,2,2,2
2,2,2,2,2,2
2,2,2,2,2,2
4,4,5,5,0,4
4,5,5,4,0,4
5,5,5,4,0,4
4,4,5,3,0,4
4,3,5,3,0,4
5,4,5,4,0,4
5,4,5,4,0,4
4,4,5,3,0,4
4,4,5,3,0,4
5,4,5,3,0,4
4,3,5,4,0,5
3,3,5,3,0,5
4,5,5,3,0,5
5,3,5,5,0,5
5,3,5,3,0,5
5,5,5,3,0,5
5,5,5,3,0,5
4,4,5,5,0,5
5,5,5,4,0,5
4,5,5,5,0,5
1,1,1,1,1,1
1,1,1,1,1,1
1,1,1,1,1,1
1,1,1,1,1,1
1,1,1,1,1,1
1,1,1,1,1,1
1,1,1,1,1,1
1,1,1,1,1,1
1,1,1,1,1,1
1,1,1,1,1,1
1,1,1,1,1,1
1,1,1,1,1,1
1,1,1,1,1,1
1,1,1,1,1,1
1,1,1,1,1,1
1,1,1,1,1,1
1,1,1,1,1,1
1,1,2,1,1,1
1,1,1,1,1,1
1,1,1,1,1,1
4,4,5,3,0,5
4,3,5,4,0,5
5,4,5,5,0,5
5,3,5,3,0,5
3,3,5,3,0,5
5,4,5,3,0,5
5,3,5,0,0,5
5,4,5,3,0,5
5,5,5,3,0,5
3,3,5,3,0,5
1,1,2,1,1,1
1,1,2,1,1,1
1,1,2,1,1,1
1,1,2,1,1,1
1,1,2,1,1,1
1,1,2,1,1,1
1,1,2,1,1,1
1,1,2,1,1,1
1,1,2,1,1,1
1,1,2,1,1,1
2,2,2,2,2,2
2,2,2,2,2,2
2,2,2,2,2,2
2,2,2,2,2,2
2,2,2,2,2,2
2,2,2,2,2,2
2,2,2,2,2,2
2,2,2,2,2,2
2,2,2,2,2,2
2,2,2,2,2,2
2,2,2,2,2,2
2,2,2,2,2,2
2,2,2,2,2,2
2,2,2,2,2,2
2,2,2,2,2,2
2,2,2,2,2,2
2,2,2,2,2,2
2,2,2,2,2,2
2,2,2,2,2,2
2,2,2,2,2,2
3,3,5,4,0,3
3,3,5,3,0,3
3,3,5,3,0,3
3,3,5,3,0,3
3,3,5,3,0,3
3,3,5,3,0,3
5,3,5,0,0,3
3,3,5,0,0,3
5,3,5,3,0,3
3,3,5,3,0,3
5,4,5,4,0,4
3,5,5,4,0,4
4,4,5,4,0,4
4,3,5,4,0,4
4,4,5,3,0,4
5,5,5,4,0,4
4,4,5,4,0,4
5,4,5,3,0,4
4,5,5,4,0,4
4,5,5,5,0,4
4,4,5,4,0,3
3,3,5,4,0,3
5,4,5,3,0,3
3,3,5,5,0,3
3,3,5,3,0,3
3,3,5,5,0,3
3,3,5,0,0,3
3,3,5,3,0,3
5,5,5,3,0,3
3,3,5,3,0,3
4,4,5,4,0,5
5,5,5,4,0,5
4,4,5,0,0,5
3,5,5,0,0,5
4,4,5,4,0,5
5,5,5,3,0,5
5,4,5,3,0,5
3,3,5,5,0,5
5,5,5,4,0,5
4,5,5,3,0,5
2,2,2,2,2,2
2,2,2,2,2,2
2,2,2,2,2,2
2,2,2,2,2,2
2,2,2,2,2,2
2,2,2,1,2,2
2,2,2,2,2,2
2,2,2,1,2,2
2,2,2,1,2,2
2,2,2,2,2,2
4,4,5,3,4,4
4,5,5,4,3,4
4,4,4,4,4,4
4,5,5,3,5,4
0,4,3,4,4,4
5,4,5,3,4,4
4,4,5,3,4,4
5,5,5,3,5,4
3,4,5,0,4,4
4,4,5,5,4,4
5,4,5,4,4,5
5,5,5,3,3,5
4,4,5,3,4,5
5,5,5,4,4,5
4,3,5,5,4,5
4,4,5,4,4,5
4,3,5,3,3,5
4,4,5,5,4,5
4,5,5,3,5,5
4,4,5,3,3,5
1,1,1,1,1,1
1,1,1,1,1,1
1,1,1,1,1,1
1,1,1,1,1,1
1,1,1,1,1,1
1,1,1,1,1,1
1,1,1,1,1,1
1,1,1,1,1,1
1,1,1,1,1,1
1,1,1,1,1,1
4,5,5,3,0,5
5,4,5,4,0,5
5,5,5,3,0,5
4,5,5,0,0,5
5,4,5,3,0,5
4,3,5,0,0,5
4,4,5,5,0,5
4,4,5,4,0,5
4,4,5,4,0,5
4,5,5,3,0,5
2,2,2,2,2,2
2,2,2,2,2,2
2,2,2,2,2,2
2,2,2,2,2,2
2,2,2,2,2,2
2,2,2,2,2,2
2,2,2,2,2,2
2,2,2,2,2,2
2,2,2,2,2,2
2,2,2,2,2,2
4,5,5,3,3,5
5,4,5,5,4,5
5,5,5,5,4,5
3,4,5,3,4,5
5,4,5,4,4,5
4,4,5,4,4,5
3,4,5,4,4,5
4,4,5,4,4,5
4,4,5,4,3,5
4,3,5,4,4,5
4,4,5,5,5,5
4,5,5,4,5,5
5,4,5,3,5,5
5,3,5,4,5,5
5,4,5,4,4,5
5,3,5,3,5,5
3,3,5,4,5,5
5,5,5,5,4,5
5,3,5,3,5,5
4,4,5,3,5,5
3,3,5,3,3,3
5,5,5,5,3,3
5,5,5,3,3,3
3,3,5,3,3,3
3,3,5,4,4,3
3,3,5,5,3,3
5,3,5,4,4,3
5,3,5,3,3,3
5,3,5,3,3,3
3,3,5,3,3,3
5,5,5,5,3,4
4,4,5,5,4,4
5,4,5,4,4,4
5,4,5,4,4,4
5,5,5,5,4,4
5,3,5,4,3,4
4,4,5,4,4,4
3,5,5,4,4,4
5,5,5,5,4,4
4,4,5,3,4,4
0,0,5,3,0,0
0,0,5,4,0,0
0,0,5,3,0,0
0,0,5,3,0,0
0,0,5,3,0,0
0,0,5,5,0,0
0,0,5,3,0,0
0,0,5,4,0,0
0,0,5,4,0,0
0,0,5,5,0,0
3,3,5,3,3,3
5,4,5,3,3,3
4,3,5,5,5,3
3,3,5,3,0,3
3,3,5,3,0,3
3,3,5,3,3,3
3,3,5,3,3,3
3,3,5,3,3,3
3,3,5,5,5,3
3,3,5,3,5,3
4,5,5,3,5,4
5,4,5,5,4,4
5,4,5,3,5,4
4,4,5,3,5,4
5,5,5,3,5,4
4,4,5,4,5,4
5,4,5,3,3,4
4,4,5,3,5,4
4,5,5,3,4,4
5,4,5,5,5,4
1,1,2,1,2,1
1,1,2,1,2,1
1,1,2,1,2,1
1,1,2,1,2,1
1,1,2,1,2,1
1,1,2,1,2,1
1,1,2,1,2,1
1,1,2,1,1,1
1,1,2,1,2,1
1,1,2,1,1,1
2,2,2,2,2,2
2,2,2,2,2,2
2,2,2,2,2,2
2,2,2,2,2,2
2,2,2,2,2,2
2,2,2,2,2,2
2,2,2,2,2,2
2,2,2,2,2,2
2,2,2,2,2,2
2,2,2,2,2,2
3,3,5,0,0,3
3,3,5,4,0,3
3,3,5,3,0,3
3,3,5,3,0,3
5,5,5,5,4,3
3,3,5,3,0,3
3,3,5,3,0,3
3,3,5,5,4,3
4,4,5,5,0,3
3,3,5,3,0,3
5,4,5,4,0,4
4,4,5,4,4,4
5,5,5,3,0,4
5,4,5,4,0,4
3,5,5,4,0,4
5,4,5,4,4,4
4,5,5,5,4,4
5,3,5,5,4,4
3,5,5,3,0,4
4,4,5,3,4,4
5,3,5,4,0,5
5,5,5,3,4,5
5,4,5,5,0,5
4,4,5,5,4,5
4,4,5,3,4,5
5,5,5,4,4,5
4,4,5,3,0,5
4,4,5,3,4,5
4,4,5,4,4,5
4,4,5,3,0,5
3,3,5,3,0,5
4,4,5,4,4,5
3,3,5,3,0,5
3,3,5,0,4,5
5,4,5,4,0,5
3,3,5,4,0,5
5,5,5,4,0,5
5,3,5,3,0,5
4,3,5,4,0,5
3,3,5,3,0,5
2,2,2,2,2,2
2,2,2,2,2,2
2,2,2,2,2,2
2,2,2,2,2,2
2,2,2,2,2,2
2,2,2,2,2,2
2,2,2,2,2,2
2,2,2,2,2,2
2,2,2,2,2,2
2,2,2,2,2,2
1,1,1,1,1,1
1,1,1,1,1,1
1,1,1,1,1,1
1,1,1,1,1,1
1,1,1,1,1,1
1,1,1,1,1,1
1,1,1,1,1,1
1,1,1,1,1,1
1,1,1,1,1,1
1,1,1,1,1,1
1,1,1,1,1,1
1,1,1,1,1,1
1,1,1,1,1,1
1,1,1,1,1,1
1,1,1,1,1,1
1,1,1,1,1,1
1,1,1,1,1,1
1,1,1,1,1,1
1,1,1,1,1,1
1,1,1,1,1,1
3,3,5,3,0,5
5,5,5,4,0,5
5,4,5,3,0,5
5,3,5,5,0,5
5,5,5,4,0,5
5,3,5,4,0,5
5,4,5,3,0,5
4,5,5,3,0,5
5,5,5,4,0,5
4,4,5,3,0,5
2,2,2,2,2,2
2,2,2,2,2,2
2,2,2,2,2,2
2,2,2,2,2,2
2,2,2,2,2,2
2,2,2,2,2,2
2,2,2,2,2,2
2,2,2,2,2,2
2,2,2,2,2,2
2,2,2,2,2,2
2,2,2,2,2,2
2,2,2,2,2,2
2,2,2,2,2,2
2,2,2,2,2,2
2,2,1,2,2,2
2,2,2,2,2,2
2,2,2,2,2,2
2,2,2,2,2,2
2,2,2,2,2,2
2,2,2,2,2,2
3,3,5,0,0,4
5,4,5,4,4,4
4,4,5,5,4,4
4,4,5,3,4,4
4,4,5,4,0,4
4,4,5,5,4,4
5,4,5,4,0,4
4,4,5,4,4,4
5,4,5,4,0,4
4,4,5,4,4,4
4,4,5,4,4,5
4,4,5,4,4,5
5,5,5,4,4,5
5,4,5,4,0,5
5,5,5,3,0,5
4,4,5,5,0,5
3,4,5,4,0,5
5,5,5,4,0,5
3,4,5,3,4,5
5,3,5,3,0,5
0,0,5,4,0,0
0,0,5,0,0,0
0,0,5,5,0,0
0,0,5,4,0,0
0,0,5,5,0,0
0,0,5,3,0,0
0,0,5,5,0,0
0,0,5,4,0,0
0,0,5,4,0,0
0,0,5,5,0,0
1,1,2,1,1,1
1,1,2,1,1,1
1,1,2,1,1,1
1,1,2,1,1,1
1,1,2,1,1,1
1,1,2,1,1,1
1,1,2,1,1,1
1,1,2,1,1,1
1,1,2,1,1,1
1,1,2,1,1,1
2,2,2,2,2,2
2,2,2,2,2,2
2,2,2,2,2,2
2,2,2,2,2,2
2,2,2,2,2,2
2,2,2,2,2,2
2,2,2,2,2,2
2,2,2,2,2,2
2,2,2,2,2,2
2,2,2,2,2,2
4,5,5,4,0,4
5,5,5,3,0,4
5,5,5,5,0,4
4,4,5,5,0,4
5,5,5,5,0,4
4,4,5,3,0,4
5,5,5,0,0,4
4,5,5,5,0,4
5,3,5,4,0,4
4,5,5,3,0,4
1,1,1,1,1,1
1,1,1,1,1,1
1,1,1,1,1,1
1,1,1,1,1,1
1,1,1,1,1,1
1,1,1,1,1,1
1,1,1,1,1,1
1,1,2,1,1,1
1,1,1,1,1,1
1,1,1,1,1,1
3,3,5,3,0,3
3,3,5,5,0,3
3,3,5,5,0,3
3,3,5,5,0,3
4,3,5,3,0,3
5,4,5,4,0,3
5,3,5,4,0,3
5,3,5,4,0,3
3,3,5,3,0,3
3,3,5,5,0,3
1,1,2,1,1,1
1,1,2,1,1,1
1,1,2,1,1,1
1,1,2,1,1,1
1,1,2,1,1,1
1,1,2,1,1,1
1,1,2,1,1,1
1,1,2,1,1,1
1,1,2,1,1,1
1,1,2,1,1,1
1,1,2,1,1,1
1,1,2,1,1,1
1,1,2,1,1,1
1,1,2,1,1,1
1,1,2,1,1,1
1,1,2,1,1,1
1,1,2,1,1,1
1,1,2,1,1,1
1,1,2,1,1,1
1,1,2,1,1,1
2,2,2,2,2,2
2,2,2,2,2,2
2,2,2,2,2,2
2,2,2,2,2,2
2,2,2,2,2,2
2,2,2,2,2,2
2,2,2,2,2,2
2,2,2,2,2,2
2,2,2,2,2,2
2,2,2,2,2,2
4,4,5,4,5,3
5,4,5,4,5,3
3,3,5,5,5,3
3,3,5,5,3,3
3,5,5,5,5,3
3,3,5,4,5,3
3,3,5,3,5,3
3,5,5,3,5,3
3,5,5,5,5,3
3,3,5,3,5,3
4,4,5,3,5,4
4,4,5,5,5,4
4,4,5,4,5,4
5,5,5,3,5,4
5,5,5,3,5,4
4,4,5,5,5,4
4,4,5,4,5,4
4,4,5,5,5,4
5,4,5,5,5,4
4,4,5,5,5,4
4,4,5,3,0,5
4,4,5,4,0,5
3,5,5,3,0,5
5,4,5,0,0,5
5,4,5,4,0,5
4,4,5,3,0,5
4,4,5,3,0,5
3,3,5,5,0,5
4,4,5,5,0,5
5,4,5,3,0,5
5,4,5,4,0,5
4,5,5,3,0,5
5,4,5,3,0,5
5,3,5,5,0,5
5,5,5,4,0,5
4,4,5,4,0,5
4,4,5,5,0,5
3,3,5,3,0,5
4,4,5,4,0,5
4,4,5,3,0,5
